
state={
	id=10
	name="STATE_10"
	provinces={
		48 104 115 124 133 209 234 246 286 311 362 367 424 442 456 475 502 529 540 571 601 616 691 693 695 743 790 793 835 846 851 874 882 904 933 960 1031 1091 1113 1170 1180 1195 1223 1233 1242 1262 1295 1322 1356 1370 1373 1424 1595 1597 1598 1660 1696 1713 1734 1735 1745 1746 1751 1898 1937 1951 1958 2051 2071 2089 2097 2103 2108 2135 2150 2235 2271 2355 2378 2413 2432 2516 2520 2535 2564 2607 2642 2651 2677 2792 2873 2884 2888 2926 2980 2989 3046 3057 3071 3096 3131 3184 3185 3198 3261 3290 3318 3359 3383 3434 3436 3478 3502 3598 3634 3642 3645 3698 3726 3728 3776 3782 3812 3900 3952 3962 3986 3988 4008 4018 4023 4032 4039 4098 4173 4183 4267 4572 4578 4581 4592 4597 4599 4607 4611 4616 4618 4624 4632 4634 4635 4645 4648 4649 4653 4654 4657 4660 4661 4664 4665 4670 4673 4674 4675 4677 4681 4682 4683 4684 4687 4690 4691 4692 4696 4697 4698 4699 4702 4703 4704 4710 4712 4713 4714 4715 4716 4719 4721 4728 4731 4736 4740 4742 4751 4752 4763 4771 4774 4780 4781 4788 4792 4796 4817 4841 4849 4854 4881 4884 4919 4930 4940 4945 4948 4955 4966 4974 4981 4984 5005 5011 5015 5037 5045 5052 5055 5070 5072 5079 5082 5089 5090 5096 5104 5110 5117 5127 5132 5133 5141 5146 5169 5173 5178 5179 5182 5185 5186 5187 5188 5189 5193 5195 5196 5197 5198 5200 5202 5206 5207 5211 5214 5222 5224 5227 5232 5233 5234 5235 5240 5241 5245 5247 5248 5249 5252 5254 5256 5257 5260 5261 5262 5263 5267 5269 5272 5275 5282 5285 5286 5288 7573 7575 7594 
	}
    
    history={
		owner = VIE
		add_core_of = VIE
	}
    
	manpower=1
	buildings_max_level_factor=1.000
	state_category=town
}
