
state={
	id=11
	name="STATE_11"
	provinces={
		130 148 193 213 244 251 274 281 396 496 524 655 671 683 705 759 868 891 941 963 1015 1136 1148 1187 1267 1299 1319 1345 1350 1392 1434 1496 1550 1644 1663 1666 1669 1728 1738 1793 1852 1856 1878 1922 1953 2029 2082 2245 2260 2272 2336 2423 2435 2475 2598 2623 2627 2658 2669 2686 2758 2804 2832 2915 3034 3075 3077 3104 3194 3206 3214 3315 3423 3427 3451 3453 3475 3581 3593 3860 3935 3963 3992 4044 4077 4154 4160 4202 4209 4647 4650 4669 4695 4707 4711 4717 4720 4725 4735 4739 4747 4748 4749 4750 4754 4761 4766 4778 4791 4795 4797 4805 4815 4821 4824 4827 4830 4840 4844 4848 4858 4859 4862 4871 4873 4878 4890 4902 4906 4915 4942 4954 4956 4971 4978 4988 4989 5003 5013 5014 5042 5047 5054 5057 5062 5087 12806 
	}
    
    history={
		owner = VIE
		add_core_of = VIE
	}
    
	manpower=1
	buildings_max_level_factor=1.000
	state_category=town
}
