
state={
	id=12
	name="STATE_12"
	provinces={
		34 57 75 88 145 225 249 315 460 501 633 636 696 704 735 785 865 866 873 886 967 984 1056 1067 1074 1166 1313 1336 1360 1386 1427 1460 1561 1579 1609 1626 1632 1640 1641 1643 1657 1859 1902 1923 1959 1971 2043 2104 2111 2115 2177 2210 2227 2233 2252 2290 2348 2411 2430 2450 2459 2537 2553 2568 2578 2588 2648 2652 2676 2684 2700 2712 2788 2828 2930 2947 2951 2978 3099 3101 3127 3155 3272 3287 3292 3313 3334 3362 3404 3466 3483 3488 3504 3552 3618 3623 3624 3657 3683 3690 3740 3755 3759 3794 3795 3799 3841 3844 3845 3846 3920 3933 3990 3993 4011 4071 4076 4134 4225 4229 4235 4239 4268 5343 5345 5347 5348 5350 5351 5353 5355 5356 5357 5358 5359 5360 5362 5363 5364 5365 5366 5367 5368 5369 5370 5371 5372 5373 5374 5376 5377 5378 5379 5380 5381 5384 5386 5388 5389 5390 5392 5393 5394 5395 5396 5398 5399 5402 5403 5404 5405 5407 5408 5409 5411 5412 5415 5416 5419 5420 5422 5423 5424 5425 5426 5427 5430 5431 5432 5437 5440 5441 5443 5444 5448 5449 5452 5455 5456 5460 5461 5462 5463 5468 5469 5470 5472 5474 5477 5480 5482 5484 5485 5486 5487 5488 5491 5492 5493 5494 5497 5502 5504 5505 5506 5510 5511 5512 5513 5517 5520 5521 5526 5529 5530 5531 5539 5541 5544 5558 7628 7629 7632 7633 7634 7636 7641 
	}
    
    history={
		owner = MAL
		add_core_of = MAL
	}
    
	manpower=1
	buildings_max_level_factor=1.000
	state_category=town
}
