
state={
	id=120
	name="STATE_120"
	provinces={
		202 407 528 543 578 663 697 698 702 1150 1154 1244 1329 1374 1477 1538 1733 1743 1763 1780 1847 1849 1861 1869 1882 1916 1930 1945 2067 2158 2199 2202 2254 2379 2393 2403 2448 2472 2488 2501 2506 2620 2638 2691 2699 2754 2839 2849 2883 2890 2894 2922 2964 2994 3020 3030 3122 3204 3262 3269 3293 3389 3391 3410 3411 3445 3450 3481 3528 3529 3586 3610 3658 3664 3682 3688 3738 3750 3753 3891 3896 3913 3938 3948 3964 4026 4070 4120 4123 4139 4144 4174 5768 5840 5852 5865 5906 5907 5927 5939 5941 5946 5948 5952 5956 5957 5959 5960 5963 5965 5966 5967 5971 5972 5973 5982 5985 5986 5988 5992 5993 5998 6001 6002 6003 6004 6005 6009 6010 6011 6012 6014 6015 6016 6017 6019 6020 6021 6022 6023 6024 6027 6028 6029 6031 6032 6033 6034 6035 6036 6037 6038 6039 6040 6044 6045 6046 6047 6048 6051 6052 6054 6055 6057 6060 6063 6065 6066 6068 6072 6074 6075 6079 6082 6083 6087 6097 6106 6117 6127 6132 7686 7696 7699 7701 7702 7704 7714 7715 7717 7718 7719 
	}
	history={
		owner = MNG
		add_core_of = MNG

	}
	manpower=0
	buildings_max_level_factor=1.000
	local_supplies=0.000
}
