
state={
	id=13
	name="STATE_13"

	history={
		owner = PCC
		add_core_of = PCC

	}

	provinces={
		3 11 28 58 60 83 87 92 99 154 167 176 177 184 260 262 263 270 278 289 292 316 345 365 370 379 384 385 403 406 414 418 435 438 461 469 472 488 494 523 536 583 607 628 635 653 666 668 682 713 726 740 753 782 784 796 797 830 833 863 880 885 908 911 913 915 916 945 948 986 1008 1049 1082 1090 1110 1127 1135 1157 1177 1183 1192 1194 1228 1277 1286 1300 1312 1340 1346 1357 1363 1369 1390 1398 1415 1422 1423 1425 1429 1440 1442 1448 1463 1466 1482 1485 1497 1508 1509 1521 1535 1537 1541 1542 1544 1554 1571 1591 1596 1600 1602 1606 1607 1618 1623 1624 1636 1647 1648 1650 1675 1699 1715 1718 1726 1727 1730 1731 1732 1742 1752 1801 1809 1827 1830 1842 1855 1858 1866 1868 1875 1886 1895 1901 1915 1917 1921 1926 1942 1966 1978 1986 2002 2009 2020 2026 2027 2062 2107 2130 2134 2151 2175 2183 2189 2193 2209 2211 2229 2258 2275 2281 2325 2326 2331 2360 2372 2382 2383 2385 2404 2426 2439 2444 2453 2454 2503 2510 2546 2548 2556 2562 2567 2572 2584 2591 2594 2618 2625 2646 2649 2650 2660 2662 2663 2671 2678 2701 2711 2716 2747 2756 2759 2779 2780 2784 2785 2786 2795 2798 2799 2808 2810 2813 2816 2830 2831 2840 2874 2882 2898 2917 2932 2949 2955 2956 2962 2985 2986 2990 3022 3043 3068 3085 3089 3092 3094 3097 3108 3113 3115 3118 3124 3132 3163 3182 3186 3190 3195 3210 3229 3231 3244 3254 3257 3295 3297 3336 3344 3377 3414 3421 3465 3487 3489 3508 3526 3533 3534 3551 3554 3556 3563 3576 3579 3582 3587 3588 3594 3605 3630 3639 3646 3662 3675 3719 3725 3745 3756 3769 3770 3792 3803 3814 3836 3839 3840 3849 3868 3869 3877 3889 3903 3908 3918 3921 3927 3929 3930 3936 3937 3945 3949 3950 3956 3977 3997 4013 4043 4075 4121 4125 4131 4175 4176 4188 4190 4206 4211 4213 4221 4232 4234 4240 4248 4251 4253 4264 4266 4278 4279 4280 4281 4282 4283 4284 4285 4286 4287 4288 4289 4290 4291 4292 4293 4294 4295 4296 4297 4298 4299 4300 4301 4302 4303 4305 4306 4307 4308 4311 4312 4313 4314 4315 4316 4317 4318 4319 4320 4321 4322 4323 4324 4326 4327 4328 4329 4330 4331 4332 4333 4334 4335 4336 4337 4338 4339 4340 4341 4342 4343 4344 4345 4346 4347 4348 4349 4350 4351 4352 4353 4354 4355 4356 4357 4358 4359 4360 4361 4362 4363 4366 4367 4368 4369 4370 4371 4372 4373 4374 4375 4376 4377 4378 4379 4380 4381 4382 4383 4384 4385 4386 4387 4388 4389 4390 4391 4392 4393 4394 4395 4396 4398 4400 4401 4402 4403 4404 4405 4406 4408 4409 4411 4412 4413 4414 4415 4416 4417 4418 4419 4420 4421 4422 4424 4425 4426 4427 4429 4430 4431 4432 4434 4435 4436 4437 4438 4440 4442 4443 4444 4445 4446 4448 4449 4450 4451 4452 4453 4454 4456 4457 4458 4459 4461 4462 4463 4464 4465 4466 4467 4468 4469 4471 4472 4473 4474 4475 4476 4477 4478 4479 4481 4483 4484 4486 4488 4489 4490 4491 4492 4494 4495 4497 4498 4500 4501 4502 4503 4504 4506 4507 4509 4510 4511 4513 4514 4516 4517 4518 4521 4523 4524 4525 4526 4527 4528 4529 4530 4531 4532 4533 4534 4539 4540 4542 4543 4544 4546 4547 4548 4549 4550 4551 4552 4553 4554 4555 4556 4557 4559 4560 4561 4562 4563 4564 4565 4566 4569 4570 4571 4573 4574 4575 4576 4579 4580 4584 4585 4586 4589 4590 4593 4594 4595 4596 4598 4600 4601 4602 4606 4608 4609 4612 4613 4614 4619 4620 4621 4622 4625 4626 4627 4628 4629 4630 4631 4633 4636 4639 4640 4641 4642 4643 4646 4651 4652 4655 4656 4659 4662 4663 4666 4667 4668 4671 4672 4679 4693 4705 4723 4726 4737 4758 4764 4765 4770 4773 4777 4782 4786 4793 4802 4816 4819 4820 4822 4823 4826 4831 4837 4838 4846 7561 7563 7567 7570 7571 7572 7574 
	}
	manpower=1
	buildings_max_level_factor=1.000
	state_category=town
	local_supplies=0.000
}
