
state={
	id=16
	name="STATE_16"

	history={
		owner = PNG
		add_core_of = PNG

	}

	provinces={
		132 169 215 264 300 323 440 504 530 590 801 884 892 1024 1057 1131 1173 1230 1276 1348 1553 1578 1645 1678 1749 1764 1903 1960 2099 2129 2224 2243 2395 2424 2482 2554 2559 2590 2680 2738 2895 3069 3162 3323 3327 3341 3356 3401 3409 3415 3468 3603 3619 3655 3730 3785 3807 3813 3854 4025 4050 4116 4127 4138 6008 6025 6030 6042 6043 6049 6050 6053 6059 6062 6078 6085 6086 6096 6100 6101 6103 6105 6111 6116 6118 6131 6134 6136 6139 6143 6152 6153 6156 6161 6169 6172 6173 6176 6179 6180 6181 6182 6184 6186 6187 6188 6189 6190 6194 6195 6196 6198 6202 6203 6205 6210 6211 6212 6213 6214 6215 6218 6219 6220 6221 7754 7766 7768 7769 7774 7783 7784 7785 7786 7787 7794 7796 7800 7802 12893 
	}
	manpower=1
	buildings_max_level_factor=1.000
	state_category=town
	local_supplies=0.000
}
