
state={
	id=2
	name="STATE_2"
	provinces={
		6 24 37 66 103 122 187 257 268 312 317 341 369 392 409 450 465 509 538 600 602 610 630 660 716 749 755 757 775 791 818 826 828 852 862 869 890 900 974 979 997 1005 1007 1030 1086 1138 1162 1167 1169 1213 1227 1229 1234 1237 1238 1241 1243 1245 1251 1260 1315 1331 1339 1376 1409 1419 1447 1458 1478 1491 1499 1531 1574 1603 1638 1676 1754 1813 1834 1844 1850 1892 1919 1997 2012 2014 2037 2085 2092 2123 2124 2127 2140 2141 2143 2166 2171 2204 2219 2246 2251 2253 2295 2296 2308 2365 2388 2409 2445 2458 2464 2470 2477 2496 2533 2536 2544 2549 2577 2596 2605 2631 2634 2689 2730 2745 2768 2774 2782 2787 2800 2819 2836 2850 2867 2885 2918 2921 2931 2938 2944 2945 2976 2997 2999 3004 3035 3080 3125 3126 3133 3135 3138 3181 3237 3300 3332 3352 3408 3512 3516 3527 3553 3574 3600 3660 3673 3717 3741 3757 3800 3870 3919 3940 3953 3967 3972 3981 4019 4060 4066 4074 4079 4086 4091 4106 4142 4197 4212 4230 4744 4746 4760 4769 4775 4785 4790 4799 4800 4801 4807 4811 4814 4825 4829 4833 4834 4836 4843 4845 4851 4853 4856 4861 4869 4872 4876 4880 4885 4887 4889 4893 4894 4895 4896 4897 4900 4901 4904 4910 4911 4912 4914 4920 4921 4922 4925 4926 4929 4932 4933 4935 4944 4949 4950 4953 4958 4959 4962 4964 4967 4968 4970 4973 4976 4977 4980 4982 4983 4985 4987 4991 4993 4994 4996 4997 5000 5002 5004 5007 5008 5009 5010 5012 5016 5018 5024 5028 5029 5031 5032 5033 5034 5036 5038 5040 5041 5044 5046 5048 5051 5053 5056 5058 5061 5063 5064 5065 5067 5068 5069 5071 5073 5074 5075 5078 5081 5086 5095 5099 5101 5109 5111 5112 5113 5115 5122 5123 5124 5129 5134 5140 5145 5147 5149 5161 5164 5172 5205 5216 5243 5251 5258 5266 5276 5278 5281 5284 5287 5289 5292 5293 5295 5298 5300 5302 5304 5310 5313 5318 5320 5327 5329 5330 5333 5335 5336 5339 5340 5341 5344 5346 5349 5354 5361 7601 7605 7619 7623 12884 12888 
	}
    
    history={
		owner = THA
		add_core_of = THA
	}
    
	manpower=1
	buildings_max_level_factor=1.000
	state_category=town
}
