
state={
	id=3
	name="STATE_3"
	provinces={
		63 118 153 192 282 320 368 413 420 443 482 662 727 731 763 858 1004 1006 1011 1047 1083 1098 1257 1305 1320 1384 1388 1487 1536 1570 1589 1708 1753 1787 1790 1806 1810 1826 1837 1857 1885 1965 1985 2032 2109 2178 2179 2277 2302 2317 2322 2391 2414 2415 2425 2449 2457 2465 2599 2610 2611 2619 2628 2664 2673 2675 2683 2692 2714 2790 2806 2853 2927 2958 2970 2971 3008 3025 3074 3090 3109 3117 3130 3144 3150 3189 3220 3234 3242 3309 3328 3429 3438 3456 3491 3510 3531 3550 3558 3564 3616 3620 3656 3659 3739 3744 3775 3780 3798 3809 3832 3835 3843 3855 3874 3916 3965 3994 4003 4007 4090 4129 4133 4152 4166 4167 4201 4245 4262 4839 4847 4852 4857 4860 4863 4864 4867 4870 4874 4877 4888 4892 4905 4913 4917 4923 4924 4928 4931 4936 4939 4941 4951 4952 4957 4961 4965 4972 4975 4986 4995 4998 4999 5001 5006 5017 5020 5021 5022 5023 5025 5026 5030 5035 5043 5049 5059 5060 5077 5083 5088 5092 5094 5097 5098 5106 5108 5114 5118 5120 5128 5130 5136 5152 5156 5157 5159 5163 5166 5167 5170 5201 5203 5204 5210 5212 5220 5223 5229 5236 5238 5239 5242 5244 5246 5250 5253 5255 5259 5264 5265 5268 5270 5271 5273 5274 5277 5279 5280 5283 5290 5291 5294 5296 5297 5299 5301 5303 5305 5306 5307 5308 5309 5311 5312 5314 5315 5316 5317 5319 5321 5322 5323 5324 5325 5326 5328 5331 5332 5334 5337 5338 5342 5352 7576 7577 7578 7579 7580 7581 7582 7585 7586 7588 7590 7592 7595 7596 7597 7599 7602 7603 7606 7609 7612 7614 7615 7616 7617 7620 7621 7624 7625 7626 7630 7635 7637 7640 7643 7644 12807 12885 12886 12887 
	}
    
    history={
		owner = PHI
		add_core_of = PHI
	}
    
	manpower=1
	buildings_max_level_factor=1.000
	state_category=town
}
