
state={
	id=30
	name="STATE_30"
	provinces={
		98 208 229 337 366 537 573 579 597 690 725 777 811 842 949 988 1010 1014 1143 1189 1296 1349 1407 1507 1572 1573 1608 1631 1646 1682 1706 1778 1788 1836 1907 1974 1998 2000 2040 2078 2093 2208 2228 2285 2287 2309 2371 2469 2796 2820 2823 2943 3107 3170 3441 3615 3737 6243 6245 6246 6247 6250 6251 6254 6260 6263 6272 6273 6280 6291 6293 6294 6297 6301 6307 6314 6315 6324 6325 6326 6337 6345 6359 6366 6371 6372 6395 
	}
	history={
		owner = OUT
		add_core_of = OUT
	}

	manpower=0
	buildings_max_level_factor=1.000
	local_supplies=0.000
}
