
state={
	id=32
	name="STATE_32"

	history={
		owner = OUT
		add_core_of = OUT

	}

	provinces={
		7 59 80 174 179 211 349 352 422 437 567 624 643 654 700 741 816 1142 1178 1250 1285 1324 1332 1377 1428 1439 1473 1585 1599 1613 1673 1677 1729 2039 2077 2434 2495 2728 3016 3284 3485 3671 3706 3804 3974 4184 6482 6503 6507 6541 6542 6546 6566 6567 6569 6573 6574 6578 6580 6592 6594 6596 6600 6605 6617 12800 12821 12822 12823 12896 
	}
	manpower=0
	buildings_max_level_factor=1.000
	local_supplies=0.000
}
