
state={
	id=45
	name="STATE_45"
	provinces={
		14 17 20 33 40 41 62 64 79 91 100 105 196 197 206 237 250 284 288 294 305 329 348 371 427 428 444 474 483 485 495 510 512 520 557 561 574 598 609 611 631 676 730 764 765 783 799 807 809 848 857 883 935 946 951 966 973 983 1001 1019 1020 1040 1041 1114 1218 1258 1266 1278 1290 1317 1321 1344 1358 1364 1479 1480 1501 1529 1549 1557 1558 1564 1592 1612 1649 1662 1667 1684 1693 1760 1785 1789 1818 1825 1848 1853 1862 1894 1928 1931 2028 2084 2269 2343 2381 2418 2476 2497 2579 2604 2643 2653 2771 2824 2855 2901 2992 3038 3087 3098 3141 3176 3178 3187 3191 3197 3226 3260 3343 3367 3443 3522 3641 3815 3824 3858 3882 3883 3958 4045 4108 4114 4193 6620 6627 6629 6633 6634 6644 6648 6655 6656 6659 6664 6665 6667 6669 6670 6671 6678 6682 6683 6687 6696 6697 6702 6709 6724 6727 6728 6740 6744 6748 6749 6750 6751 6756 6759 6762 6763 6769 6778 6780 6782 6785 6787 6796 6801 6817 6824 6826 6830 6833 6851 6856 6862 6865 6876 6878 6887 6907 6927 6976 7011 12762 12772 12773 12776 12779 12781 12785 12787 12789 12791 12792 12797 12799 12801 12803 12829 12830 12831 12832 12833 12834 12835 12836 12837 12838 12839 12840 12846 12847 12848 12855 12856 12857 12858 12859 12860 12861 12862 12863 12864 12865 12866 12867 12868 12869 12870 12871 12872 12873 12875 12876 
	}
	history={
		owner = OUT
		add_core_of = OUT

	}

	manpower=0
	buildings_max_level_factor=1.000
	local_supplies=0.000
}
