
state={
	id=46
	name="STATE_46"
	provinces={
		15 45 56 73 86 93 108 117 128 141 147 162 164 165 171 190 232 243 252 272 293 295 297 298 306 309 321 338 339 340 347 377 378 391 395 425 441 453 464 479 489 507 519 521 541 549 555 568 589 617 659 675 694 701 703 739 742 744 751 752 779 800 802 803 810 817 824 831 836 889 901 903 922 925 931 942 953 956 959 964 965 971 976 1000 1009 1025 1027 1058 1062 1068 1101 1104 1107 1112 1119 1132 1134 1137 1153 1191 1208 1221 1226 1263 1264 1270 1280 1306 1311 1314 1362 1380 1417 1451 1455 1475 1500 1506 1522 1526 1545 1616 1620 1627 1628 1692 1719 1744 1748 1757 1771 1808 1811 1819 1823 1828 1829 1831 1865 1867 1874 1911 1933 1936 1938 1964 1972 1977 1980 1984 1989 1992 2057 2060 2098 2105 2116 2138 2139 2146 2152 2155 2162 2195 2222 2351 2359 2369 2389 2405 2419 2447 2462 2481 2511 2563 2624 2644 2647 2670 2696 2739 2773 2775 2777 2826 2872 2891 2912 2953 2965 2981 2996 3066 3081 3083 3136 3139 3142 3201 3208 3230 3271 3283 3285 3311 3317 3390 3459 3462 3500 3540 3544 3680 3686 3707 3720 3746 3767 3781 3791 3885 3898 3960 3966 4016 4058 4061 4068 4072 4145 4172 4187 4195 4199 4237 4241 4257 6530 6534 6544 6553 6558 6571 6583 6584 6591 6597 6602 6608 6613 6631 6653 6654 6661 6681 6694 6699 6703 6713 6717 6718 6730 6738 6739 6755 6766 6767 6776 6781 6791 6792 6805 6807 6809 6816 6822 6831 6838 6840 6844 6846 6861 6867 6869 6870 6871 6874 6875 6886 6890 6892 6903 6904 6908 6911 6912 6918 6919 6923 6926 6929 6932 6941 6946 6958 6961 6964 6972 6987 6988 7001 7005 7008 7015 7019 7024 7025 7028 12765 12767 12775 12780 12782 12794 12795 12798 12802 12804 12826 12827 12828 12843 12845 12849 12851 12874 
	}
	history={
		owner = OUT
		add_core_of = OUT
	}

	manpower=0
	buildings_max_level_factor=1.000
	local_supplies=0.000
}
