
state={
	id=47
	name="STATE_47"
	provinces={
		1 70 77 84 89 109 114 116 126 134 143 144 146 152 161 163 186 189 191 194 236 266 307 325 357 394 400 410 434 446 454 459 478 484 497 499 513 518 533 554 565 575 584 586 592 621 641 642 645 647 649 692 714 715 728 737 789 806 808 829 860 867 877 909 921 930 937 938 972 978 981 987 989 993 1023 1069 1081 1085 1094 1097 1103 1108 1111 1115 1140 1151 1182 1199 1207 1210 1215 1255 1265 1272 1273 1294 1307 1325 1338 1355 1368 1378 1404 1464 1468 1495 1514 1519 1533 1534 1551 1562 1566 1593 1674 1687 1689 1767 1773 1774 1775 1814 1838 1876 1884 1893 1995 2064 2095 2156 2159 2176 2226 2236 2240 2268 2278 2289 2298 2313 2352 2358 2362 2455 2487 2490 2494 2518 2531 2542 2550 2570 2585 2597 2600 2668 2721 2751 2761 2793 2801 2809 2834 2844 2859 2925 2933 2934 2961 2972 3036 3049 3052 3067 3082 3121 3137 3153 3192 3200 3211 3212 3228 3243 3275 3282 3324 3340 3342 3346 3353 3357 3361 3373 3394 3395 3424 3430 3431 3464 3492 3497 3585 3621 3625 3636 3647 3710 3716 3731 3766 3820 3861 3862 3878 3928 3939 3991 4017 4049 4085 4128 4151 4156 4158 4177 4180 4194 4200 4247 6252 6255 6259 6261 6265 6267 6274 6279 6282 6283 6289 6298 6300 6304 6308 6310 6312 6317 6318 6332 6343 6351 6353 6355 6356 6357 6358 6362 6369 6370 6375 6377 6380 6388 6394 6396 6400 6401 6403 6408 6412 6414 6415 6416 6417 6418 6421 6426 6427 6429 6430 6434 6436 6438 6439 6442 6445 6447 6452 6454 6455 6457 6459 6460 6462 6476 6480 6481 6490 6491 6492 6500 6501 6502 6504 6509 6510 6512 6514 6515 6518 6519 6520 6521 6522 6532 6537 6559 7810 7835 12777 12788 12811 12813 12814 12815 12817 12818 12819 12820 12894 12895 7812
	}
	history={
		owner = OUT
		add_core_of = OUT
	}
	manpower=0
	buildings_max_level_factor=1.000
	local_supplies=0.000
}
