
state={
	id=48
	name="STATE_48"
	provinces={
		31 35 82 97 119 129 201 216 242 253 275 285 327 386 387 397 399 415 449 457 500 532 546 558 588 625 626 679 719 771 772 839 881 894 919 923 954 985 995 1080 1089 1122 1171 1212 1333 1402 1405 1432 1453 1516 1520 1555 1582 1634 1635 1736 1766 1817 1863 1889 1970 1982 1987 2001 2008 2024 2244 2256 2328 2334 2368 2438 2442 2468 2530 2552 2615 2622 2687 2906 2908 2941 3040 3169 3246 3258 3264 3274 3276 3320 3380 3435 3517 3592 3713 3810 3886 3985 4010 4031 4040 4163 6549 6550 6554 6560 6561 6579 6581 6590 6601 6616 6626 6635 6638 6645 6646 6651 6660 6663 6674 6684 6686 6688 6689 6695 6708 6715 6716 6721 6725 6729 6757 6758 6761 6771 6772 6786 6789 6804 6823 6829 6843 6855 7839 7840 12771 12786 12790 12841 12842 12844 12850 12852 12853 12854 
	}
	history={
		owner = OUT
		add_core_of = OUT
	}

	manpower=0
	buildings_max_level_factor=1.000
	local_supplies=0.000
}
