
state={
	id=5
	name="STATE_5"
	provinces={
		47 49 51 55 107 113 135 140 158 168 173 199 228 333 342 363 373 470 473 498 505 511 562 576 603 614 640 651 686 724 761 769 774 814 853 871 879 897 934 961 977 1003 1036 1037 1039 1048 1064 1124 1176 1186 1190 1196 1248 1284 1412 1426 1435 1438 1469 1472 1505 1568 1580 1614 1617 1630 1633 1652 1680 1681 1711 1761 1781 1821 1854 1927 1929 1976 1996 2005 2017 2025 2035 2042 2050 2052 2056 2075 2076 2079 2081 2087 2132 2136 2145 2161 2164 2197 2221 2279 2341 2347 2357 2374 2375 2376 2460 2517 2540 2545 2601 2667 2725 2811 2845 2886 2903 2913 2937 2975 2991 2993 2995 3032 3037 3140 3193 3213 3215 3247 3248 3251 3277 3281 3301 3345 3368 3371 3393 3397 3407 3412 3432 3455 3469 3477 3484 3496 3541 3557 3567 3568 3573 3629 3669 3684 3691 3721 3797 3915 3925 3980 4033 4057 4067 4107 4192 4196 4198 4227 4254 4255 4261 4275 4276 4277 4304 4309 4310 4325 4364 4365 4397 4399 4428 4439 4455 4460 4480 4482 4485 4499 4505 4508 4515 4520 4522 4535 4536 4537 4541 4545 4567 4568 4577 4583 4587 4588 4603 4604 4610 4615 4617 4623 4637 4638 4644 4658 4676 4678 4680 4685 4686 4688 4689 4694 4700 4701 4706 4708 4709 4718 4722 4724 4727 4729 4730 4732 4733 4734 4738 4741 4743 4745 4753 4755 4756 4757 4759 4762 4767 4768 4772 4776 4779 4783 4784 4787 4789 4794 4798 4803 4804 4806 4808 4809 4810 4812 4813 4818 4828 4832 4835 4842 4850 4855 4865 4866 4868 4875 4879 4882 4883 4886 4891 4898 4899 4903 4907 4908 4909 4916 4918 4927 4934 4937 4938 4943 4946 4947 4960 4963 4969 4979 4990 4992 5019 5027 5039 5050 5066 5080 5139 5154 5174 5180 5190 5226 7591 7593 7598 7600 7604 7608 7610 7611 7618 
	}
    
    history={
		owner = MYA
		add_core_of = MYA
	}
    
	manpower=1
	buildings_max_level_factor=1.000
	state_category=town
}
