
state={
	id=57
	name="STATE_57"
	provinces={
		4 26 50 95 280 296 324 432 581 595 688 813 854 875 1077 1118 1205 1334 1375 1396 1399 1502 1575 1747 1786 1968 2036 2125 2230 2288 2523 2576 2720 2744 2869 2904 3498 3700 3722 3760 3783 4093 4228 6264 6266 6268 6271 6275 6277 6285 6286 6287 6290 6292 6295 6296 6302 6303 6309 6311 6316 6320 6322 6327 6333 6334 6344 6363 7819 7822 
	}
	history={
		owner = BUS
		add_core_of = BUS

	}


	manpower=0
	buildings_max_level_factor=1.000
	local_supplies=0.000
}
