
state={
	id=7
	name="STATE_7"
	provinces={
		2 27 78 214 235 247 258 273 277 302 351 490 596 650 656 912 1018 1092 1232 1287 1450 1758 1975 2007 2011 2048 2091 2122 2231 2306 2320 2443 2502 2547 2681 2698 2781 2791 2843 3051 3148 3207 3253 3433 3457 3501 3525 3572 3749 3895 3897 3944 4001 4046 4236 5076 5084 5085 5091 5093 5100 5102 5103 5105 5107 5116 5119 5121 5125 5126 5131 5135 5137 5138 5142 5143 5144 5148 5150 5151 5153 5155 5158 5160 5162 5165 5168 5171 5175 5176 5177 5181 5183 5184 5191 5192 5194 5199 5208 5209 5213 5215 5217 5218 5219 5221 5225 5228 5230 5231 5237 7607 7613 12766 12770 12808 12809 
	}
    
    history={
		owner = VIE
		add_core_of = VIE
	}
    
	manpower=1
	buildings_max_level_factor=1.000
	state_category=town
}
