
state={
	id=75
	name="STATE_75"
	provinces={
		25 61 67 74 150 166 185 344 355 382 412 486 493 545 563 618 709 733 805 843 928 982 1042 1099 1201 1211 1220 1303 1316 1394 1486 1490 1523 1567 1698 1783 1795 1835 1877 1899 1904 1925 2068 2096 2194 2216 2238 2248 2266 2399 2440 2587 2841 2861 2935 3005 3091 3157 3280 3299 3549 3559 3613 3859 4028 4087 6495 6497 6505 6516 6525 6535 6539 6548 6551 6557 6563 6568 6576 6585 6589 6593 6599 6604 6607 6614 6618 12824 12825 
	}
	history={
		owner = OUT
		add_core_of = OUT

	}


	manpower=0
	buildings_max_level_factor=1.000
	local_supplies=0.000
}
