
state={
	id=8
	name="STATE_8"
	provinces={
		9 149 175 182 188 239 331 359 552 644 664 684 706 754 841 849 906 1022 1075 1116 1126 1184 1188 1225 1256 1304 1359 1365 1381 1465 1510 1665 1701 1710 1741 1782 1791 1851 1872 1944 1954 1993 2013 2101 2113 2165 2186 2312 2315 2407 2509 2529 2558 2575 2583 2603 2608 2612 2616 2635 2724 2729 2822 2838 2842 2897 2907 2911 2966 2968 2969 3009 3018 3026 3048 3055 3060 3061 3111 3120 3147 3159 3180 3203 3205 3288 3322 3335 3366 3385 3406 3418 3420 3470 3499 3503 3571 3575 3580 3632 3637 3651 3685 3693 3704 3723 3763 3787 3818 3825 3828 3847 3872 3887 3905 3924 3942 3951 3982 4015 4022 4030 4052 4088 4099 4101 4111 4113 4136 4162 4164 4233 4238 4244 4263 4265 4274 7081 7106 7126 7127 7143 7148 7199 7227 7242 7266 7275 7285 7289 7305 7319 7322 7323 7327 7332 7336 7340 7341 7343 7346 7347 7352 7353 7356 7357 7358 7361 7366 7367 7368 7372 7374 7375 7376 7378 7380 7381 7383 7385 7386 7387 7388 7389 7390 7391 7392 7393 7394 7395 7396 7397 7398 7399 7400 7401 7402 7403 7404 7405 7406 7407 7408 7409 7410 7411 7412 7413 7414 7416 7419 7420 7421 7422 7423 7424 7425 7426 7427 7428 7430 7432 7433 7437 7439 7441 7443 7444 7448 7450 7453 7455 7456 7457 7458 7461 7463 7464 7465 7471 7472 7474 7477 7481 7482 7484 7487 7491 7494 7495 7498 7499 7500 7501 7502 7503 7505 7507 7508 7509 7510 7511 7513 7514 7516 7517 7518 7519 7520 7521 7522 7523 7524 7525 7526 7527 7528 7529 7530 7531 7532 7533 7534 7535 7536 7537 7538 7539 7540 7541 7542 7543 7544 7545 7546 7547 7548 7549 7550 7551 7552 7553 7554 7555 7556 7557 7558 7559 7560 7843 7844 7852 7853 7859 12805 12880 12883 12900 12901 12903 12904 12905 12906 12907 12908 12909 
	}
    
    history={
		owner = NZL
		add_core_of = NZL
	}
    
	manpower=1
	buildings_max_level_factor=1.000
	state_category=town
}
